864
836
845
839
866
925
878
836
831
841
834
855
911
909
914
877
906
864
903
936
886
850
842
830
881
889
894
892
833
842
833
878
883
870
869
825
786
814
831
841
839
833
828
797
789
809
855
870
836
836
817
808
853
864
922
880
839
856
833
817
855
886
895
839
822
853
833
850
883
887
833
797
845
830
833
870
875
869
814
831
850
830
859
858
850
822
803
831
838
834
866
848
811
778
777
850
848
847
872
850
839
825
869
903
889
892
855
859
844
839
911
892
858
833
839
850
856
894
911
864
839
836
856
850
875
908
858
817
822
845
841
856
881
855
814
806
802
850
861
837
886
850
794
806
836
861
858
847
837
794
786
795
850
833
814
819
789
775
789
800
856
850
825
833
814
803
841
861
892
853
833
839
819
809
847
867
841
820
805
792
792
819
833
831
792
761
789
811
825
880
895
908
895
886
877
884
883
911
884
844
814
858
870
869
886
872
853
822
873
925
908
917
872
864
836
833
925
897
875
870
853
850
847
919
920
900
866
867
867
875
922
931
902
861
850
867
856
894
917
858
828
817
852
848
852
900
859
800
816
825
839
856
866
870
805
787
797
841
850
837
861
833
800
811
803
869
853
825
872
828
789
822
845
875
839
816
817
783
759
800
838
839
820
805
795
780
781
814
844
834
794
789
803
775
797
836
850
839
789
797
808
798
827
836
837
797
778
791
786
800
831
805
809
741
709
722
756
780
800
825
828
822
795
836
905
850
850
861
845
814
800
872
897
878
883
867
853
847
880
906
886
886
859
875
850
888
950
903
878
853
872
878
880
948
